tweet_id,favorites,retweet_count
892420643555336193,37627,8203
892177421306343426,32336,6068
891815181378084864,24360,4011
891689557279858688,40953,8365
891327558926688256,39153,9056
891087950875897856,19692,3008
890971913173991426,11513,1988
890729181411237888,63490,18226
890609185150312448,27077,4128
890240255349198849,31027,7125
890006608113172480,29849,7084
889880896479866881,27054,4813
889665388333682689,46782,9701
889638837579907072,26373,4381
889531135344209921,14710,2175
889278841981685760,24563,5198
888917238123831296,28335,4351
888804989199671297,24853,4134
888554962724278272,19288,3420
888078434458587136,21175,3369
887705289381826560,29384,5200
887517139158093824,45031,11310
887473957103951883,67049,17550
887343217045368832,32761,10075
887101392804085760,29748,5760
886983233522544640,34167,7508
886736880519319552,11714,3155
886680336477933568,21840,4316
886366144734445568,20608,3096
886267009285017600,116,4
886258384151887873,27240,6095
886054160059072513,0,105
885984800019947520,31717,6552
885528943205470208,35000,6215
885518971528720385,19887,3625
885311592912609280,0,17934
885167619883638784,21316,4240
884925521741709313,75218,17638
884876753390489601,27132,5436
884562892145688576,23618,4531
884441805382717440,26270,5484
884247878851493888,70927,19848
884162670584377345,19805,2884
883838122936631299,21298,3333
883482846933004288,44652,9612
883360690899218434,22063,3589
883117836046086144,36151,6448
882992080364220416,23285,3800
882762694511734784,27527,4738
882627270321602560,27177,5899
882268110199369728,43717,11227
882045870035918850,28552,4798
881906580714921986,23659,3288
881666595344535552,49226,10344
881633300179243008,124,7
881536004380872706,48094,15462
881268444196462592,22500,5026
880935762899988482,16596,2701
880872448815771648,20693,3710
880465832366813184,27767,6083
880221127280381952,26295,4087
880095782870896641,26885,4205
879862464715927552,21749,3387
879674319642796034,302,10
879492040517615616,22814,3081
879415818425184262,103006,42953
879376492567855104,16368,3018
879130579576475649,0,6601
879050749262655488,21942,4558
879008229531029506,18486,2613
878776093423087618,18904,4003
878604707211726852,29412,6978
878404777348136964,0,1248
878316110768087041,0,6445
878281511006478336,7537,1248
878057613040115712,40951,6601
877736472329191424,77625,18515
877611172832227328,0,78
877556246731214848,22143,3693
877316821321428993,26697,5041
877201837425926144,26430,5424
876838120628539392,20160,3245
876537666061221889,22946,4508
876484053909872640,18286,2324
876120275196170240,27236,4550
875747767867523072,24564,4168
875144289856114688,21387,4804
875097192612077568,26724,5894
875021211251597312,24856,4599
874680097055178752,27153,4524
874434818259525634,0,14317
874296783580663808,25433,4004
874057562936811520,22158,3851
874012996292530176,33690,10145
873580283840344065,23642,3841
873337748698140672,0,1547
873213775632977920,7058,1547
872967104147763200,26696,5282
872820683541237760,14400,3616
872620804844003328,20317,3609
872486979161796608,39783,8824
872122724285648897,33630,7957
871879754684805121,37090,10917
871762521631449091,19848,3413
871515927908634625,19778,3389
871166179821445120,0,5587
871102520638267392,20522,5410
871032628920680449,22228,3748
870804317367881728,32968,6086
870726314365509632,117,3
870656317836468226,12166,2597
870374049280663552,81200,25801
870308999962521604,21445,4085
870063196459192321,35947,8208
869772420881756160,41692,9885
869702957897576449,27750,6251
869596645499047938,15719,3092
869227993411051520,20132,3745
868880397819494401,64506,14289
868639477480148993,0,2062
868622495443632128,26317,5234
868552278524837888,9975,2062
867900495410671616,23837,4131
867774946302451713,33492,7269
867421006826221569,15902,2474
867072653475098625,0,119
867051520902168576,31832,7788
866720684873056260,19810,4767
866686824827068416,19038,3449
866450705531457537,120734,35029
866334964761202691,51895,14317
866094527597207552,0,8305
865718153858494464,25354,5585
865359393868664832,26165,4975
865006731092295680,27709,7645
864873206498414592,31946,8671
864279568663928832,14473,3009
864197398364647424,29842,8891
863907417377173506,20439,4123
863553081350529029,15178,4169
863471782782697472,0,2436
863432100342583297,23614,5223
863427515083354112,2234,96
863079547188785154,8704,1100
863062471531167744,8448,2436
862831371563274240,19024,5101
862722525377298433,16944,3523
862457590147678208,20367,4956
862096992088072192,73987,23263
861383897657036800,35909,10713
861288531465048066,17092,4164
861005113778896900,16620,3804
860981674716409858,0,2167
860924035999428608,0,818
860563773140209665,7478,2167
860524505164394496,23524,5302
860276583193509888,18252,3491
860184849394610176,16631,5882
860177593139703809,0,31031
859924526012018688,19496,4102
859851578198683649,15378,3532
859607811541651456,18555,1581
859196978902773760,89770,30401
859074603037188101,33818,13718
858860390427611136,0,8207
858843525470990336,15545,3513
858471635011153920,21512,4879
858107933456039936,15728,2924
857989990357356544,16149,2610
857746408056729600,34297,10759
857393404942143489,5910,1661
857263160327368704,20063,4567
857214891891077121,228,18
857062103051644929,0,173
857029823797047296,18975,4060
856543823941562368,16321,2927
856526610513747968,11882,1914
856330835276025856,0,688
856288084350160898,522,17
856282028240666624,27851,6433
855862651834028034,347,26
855860136149123072,5046,1044
855857698524602368,11928,2150
855851453814013952,45789,18078
855818117272018944,26782,5545
855459453768019968,30114,8375
855245323840757760,0,6103
855138241867124737,0,46
854732716440526848,23038,6243
854482394044301312,29584,7032
854365224396361728,19085,4798
854120357044912130,32323,7668
854010172552949760,16376,3227
853760880890318849,28933,5934
853639147608842240,35255,10414
853299958564483072,15733,3665
852936405516943360,0,2068
852912242202992640,9192,1889
852672615818899456,15157,2222
852553447878664193,16589,3619
852311364735569921,33654,10197
852226086759018497,20337,7005
852189679701164033,11647,1634
851953902622658560,0,9949
851861385021730816,0,23
851591660324737024,16518,3581
851464819735769094,24714,7324
851224888060895234,21072,5925
850753642995093505,31560,9600
850380195714523136,13335,2714
850333567704068097,3513,347
850145622816686080,16663,3960
850019790995546112,20880,5074
849776966551130114,31138,7889
849668094696017920,0,5137
849412302885593088,16241,3262
849336543269576704,11677,1961
849051919805034497,43416,8843
848690551926992896,25807,4489
848324959059550208,25358,4778
848213670039564288,8374,776
848212111729840128,16725,3192
847978865427394560,0,3394
847971574464610304,0,443
847962785489326080,24100,5305
847842811428974592,5601,1389
847617282490613760,7178,441
847606175596138505,19269,3547
847251039262605312,21002,4473
847157206088847362,20461,6103
847116187444137987,21987,3330
846874817362120707,20616,4096
846514051647705089,45855,12113
846505985330044928,14497,3212
846153765933735936,32581,9488
846139713627017216,31782,10357
846042936437604353,16450,3025
845812042753855489,30119,9132
845677943972139009,25876,5000
845397057150107648,7865,1890
845306882940190720,24022,5649
845098359547420673,0,8015
844979544864018432,14017,2700
844973813909606400,15560,3369
844580511645339650,17006,3288
844223788422217728,14047,2308
843981021012017153,15618,3073
843856843873095681,22112,4860
843604394117681152,17422,2892
843235543001513987,22223,6352
842846295480000512,15707,3791
842765311967449089,6969,1341
842535590457499648,18675,3691
842163532590374912,25269,6103
842115215311396866,14467,3194
841833993020538882,0,16111
841680585030541313,26513,8162
841439858740625411,13057,3879
841320156043304961,20451,5737
841314665196081154,16377,4937
841077006473256960,23664,5587
840761248237133825,0,1848
840728873075638272,0,17012
840698636975636481,181,2
840696689258311684,12715,1036
840632337062862849,9284,1848
840370681858686976,17039,4800
840268004936019968,19942,6045
839990271299457024,13891,2419
839549326359670784,28495,8207
839290600511926273,0,149
839239871831150596,28176,6902
838952994649550848,20325,4202
838921590096166913,11588,2186
838916489579200512,0,36
838831947270979586,0,11677
838561493054533637,11324,1397
838476387338051585,23385,5078
838201503651401729,0,10662
838150277551247360,1745,353
838085839343206401,147,1
838083903487373313,18274,3339
837820167694528512,35466,8305
837482249356513284,3984,466
837471256429613056,13264,2415
837366284874571778,21966,5616
837110210464448512,16637,2528
836989968035819520,13196,2431
836753516572119041,20005,4886
836677758902222849,13109,2353
836648853927522308,0,577
836397794269200385,0,29337
836380477523124226,15325,3147
836260088725786625,22104,4539
836001077879255040,19845,4542
835685285446955009,0,8644
835574547218894849,18513,3838
835536468978302976,0,1806
835309094223372289,0,22294
835297930240217089,17084,3183
835264098648616962,8034,1806
835246439529840640,2177,77
835172783151792128,27183,6091
835152434251116546,23356,3202
834931633769889797,11250,1751
834786237630337024,22056,5839
834574053763584002,14230,2686
834477809192075265,0,11340
834458053273591808,10007,1784
834209720923721728,21444,5082
834167344700198914,16408,3868
834089966724603904,10462,2258
834086379323871233,13605,2358
833863086058651648,13963,2548
833826103416520705,18753,3967
833732339549220864,0,227
833722901757046785,21582,3411
833479644947025920,15468,2192
833124694597443584,21050,5137
832998151111966721,13835,2356
832769181346996225,0,39
832757312314028032,17536,3853
832682457690300417,12367,3119
832645525019123713,3043,553
832636094638288896,16507,2962
832397543355072512,12433,2368
832369877331693569,17908,3394
832273440279240704,11785,2483
832215909146226688,0,6596
832215726631055365,0,9977
832088576586297345,69,2
832040443403784192,0,10329
832032802820481025,18600,4948
831939777352105988,25024,6531
831926988323639298,357,35
831911600680497154,28842,6946
831670449226514432,10906,1932
831650051525054464,7485,2068
831552930092285952,9373,2449
831322785565769729,9629,1635
831315979191906304,6821,1192
831309418084069378,12244,2612
831262627380748289,12431,2186
830956169170665475,8319,1589
830583320585068544,69796,17934
830173239259324417,0,6082
830097400375152640,10254,3198
829878982036299777,0,5363
829861396166877184,12781,2090
829501995190984704,33146,11340
829449946868879360,10932,2160
829374341691346946,36135,9949
829141528400556032,25570,7914
829011960981237760,55380,17335
828801551087042563,0,3624
828770345708580865,26699,6262
828708714936930305,38232,12001
828650029636317184,9926,1438
828409743546925057,6593,1228
828408677031882754,8011,1375
828381636999917570,13204,2378
828376505180889089,7716,1139
828372645993398273,13118,3160
828361771580813312,2295,181
828046555563323392,12304,3062
828011680017821696,10834,2293
827933404142436356,21044,5589
827653905312006145,16141,3214
827600520311402496,7740,1017
827324948884643840,16603,3267
827199976799354881,11070,2400
826958653328592898,22590,5363
826848821049180160,38155,10945
826615380357632002,0,4233
826598799820865537,5357,270
826598365270007810,10555,2516
826476773533745153,19310,4495
826240494070030336,13890,2776
826204788643753985,5108,999
826115272272650244,16399,3358
825876512159186944,10969,2005
825829644528148480,13342,2670
825535076884762624,54608,18435
825147591692263424,19189,4900
825120256414846976,0,1367
825026590719483904,6654,1367
824796380199809024,0,5891
824775126675836928,15695,3773
824663926340194305,10578,1856
824325613288833024,12370,11152
824297048279236611,15798,4149
824025158776213504,5010,631
823939628516474880,11164,2905
823719002937630720,0,12044
823699002998870016,13217,2588
823581115634085888,13675,2839
823333489516937216,733,27
823322678127919110,16529,4318
823269594223824897,0,10583
822975315408461824,18168,3699
822872901745569793,138877,47129
822859134160621569,13902,2456
822647212903690241,0,6888
822610361945911296,15529,3183
822489057087389700,19089,6888
822462944365645825,29851,15729
822244816520155136,36798,10583
822163064745328640,0,5159
821886076407029760,11919,2515
821813639212650496,0,3598
821765923262631936,8849,1784
821522889702862852,8443,1909
821421320206483457,0,6023
821407182352777218,12388,4670
821153421864615936,266,10
821149554670182400,9151,2166
821107785811234820,10083,2290
821044531881721856,13315,2466
820837357901512704,0,7215
820749716845686786,33162,10662
820690176645140481,12832,3467
820494788566847489,0,607
820446719150292993,0,2781
820314633777061888,3509,607
820078625395449857,20858,6770
820013781606658049,0,1275
819952236453363712,5598,1275
819924195358416896,13548,5207
819711362133872643,14168,3369
819588359383371776,10090,2122
819347104292290561,7604,1297
819238181065359361,2411,436
819227688460238848,24297,7215
819015337530290176,0,39652
819015331746349057,0,20428
819006400881917954,47584,20428
819004803107983360,91284,39652
818646164899774465,0,22502
818627210458333184,23379,8049
818614493328580609,10376,2781
818588835076603904,0,6625
818536468981415936,11495,2671
818307523543449600,0,8769
818259473185828864,11611,2464
818145370475810820,12940,2797
817908911860748288,5107,852
817827839487737858,54566,29337
817777686764523521,11286,2890
817536400337801217,12430,3280
817502432452313088,0,3658
817423860136083457,35951,16111
817415592588222464,5910,1039
817181837579653120,0,9161
817171292965273600,9212,2172
817120970343411712,12848,2825
817056546584727552,9046,1777
816829038950027264,0,5084
816816676327063552,10571,2190
816697700272001025,10337,2379
816450570814898180,32213,8769
816336735214911488,9076,2115
816091915477250048,9434,2330
816062466425819140,0,1124
816014286006976512,0,5735
815990720817401858,5270,1124
815966073409433600,23645,9161
815745968457060357,0,4467
815736392542261248,10391,2455
815639385530101762,8669,1773
815390420867969024,10932,4113
814986499976527872,8075,1386
814638523311648768,11893,2928
814578408554463233,0,6267
814530161257443328,9134,2006
814153002265309185,30389,9380
813944609378369540,0,3449
813910438903693312,9824,2027
813812741911748608,38444,15137
813800681631023104,8815,1895
813217897535406080,19722,7904
813202720496779264,9715,1951
813187593374461952,20973,4717
813172488309972993,9854,2071
813157409116065792,8206,2401
813142292504645637,8920,2552
813130366689148928,4722,481
813127251579564032,12531,3384
813112105746448384,10925,2978
813096984823349248,11142,3889
813081950185472002,10443,2996
813066809284972545,8417,2100
813051746834595840,22154,7939
812781120811126785,8025,2072
812709060537683968,7003,1543
812503143955202048,6421,1323
812466873996607488,8445,2091
812372279581671427,14474,3973
811985624773361665,7677,1521
811744202451197953,7980,1731
811647686436880384,5912,804
811627233043480576,13522,3373
811386762094317568,22113,6907
810984652412424192,5645,1554
810896069567610880,9578,1934
810657578271330305,11613,2867
810284430598270976,37432,12340
810254108431155201,15543,3624
809920764300447744,16392,4233
809808892968534016,0,5300
809448704142938112,7341,1586
809220051211603969,21098,6082
809084759137812480,14011,3806
808838249661788160,10707,3296
808733504066486276,8375,2349
808501579447930884,11938,2808
808344865868283904,44995,22502
808134635716833280,0,6435
808106460588765185,9272,2382
808001312164028416,13309,3841
807621403335917568,15423,3974
807106840509214720,125638,60287
807059379405148160,0,7926
807010152071229440,13818,4153
806629075125202948,79456,37719
806620845233815552,0,5991
806576416489959424,5145,2085
806542213899489280,10820,2557
806242860592926720,0,12645
806219024703037440,6811,1291
805958939288408065,0,5836
805932879469572096,8763,2073
805826884734976000,6974,1986
805823200554876929,0,8716
805520635690676224,6084,1782
805487436403003392,9292,2749
805207613751304193,8266,1845
804738756058218496,14536,4166
804475857670639616,6498,2181
804413760345620481,0,3494
804026241225523202,47206,17608
803773340896923648,10649,3002
803692223237865472,0,8056
803638050916102144,11632,4471
803380650405482500,8214,2012
803321560782307329,0,5750
803276597545603072,10623,2669
802952499103731712,9571,2177
802624713319034886,0,3168
802600418706604034,7534,1596
802572683846291456,9481,2707
802323869084381190,17199,6326
802265048156610565,7007,1482
802239329049477120,9610,2834
802185808107208704,0,286
801958328846974976,8180,1852
801854953262350336,1870,254
801538201127157760,8702,2223
801285448605831168,6411,901
801167903437357056,25997,6435
801127390143516673,0,4289
801115127852503040,8569,2267
800859414831898624,732,103
800855607700029440,0,1768
800751577355128832,11139,3005
800513324630806528,13935,3271
800459316964663297,10045,2339
800443802682937345,0,4677
800388270626521089,11823,3047
800188575492947969,0,4283
800141422401830912,16247,2781
800018252395122689,30090,14283
799774291445383169,0,5073
799757965289017345,8899,2347
799422933579902976,8542,2076
799308762079035393,0,5977
799297110730567681,10497,3003
799063482566066176,8559,2673
798933969379225600,13929,4852
798925684722855936,7899,1549
798705661114773508,0,7156
798701998996647937,0,8449
798697898615730177,0,7047
798694562394996736,0,5375
798686750113755136,0,2514
798682547630837760,0,5113
798673117451325440,0,6013
798665375516884993,0,4231
798644042770751489,0,2008
798628517273620480,0,2130
798585098161549313,0,6190
798576900688019456,0,6345
798340744599797760,0,3640
798209839306514432,11005,2770
797971864723324932,12354,3412
797545162159308800,15400,5264
797236660651966464,21182,7211
797165961484890113,243,29
796904159865868288,0,9639
796865951799083009,8134,2066
796759840936919040,12581,3310
796563435802726400,0,7921
796484825502875648,8030,1913
796387464403357696,11676,4521
796177847564038144,0,15530
796149749086875649,34276,15530
796125600683540480,5248,1939
796116448414461957,9667,2622
796080075804475393,8982,2511
796031486298386433,11490,3990
795464331001561088,52769,25855
795400264262053889,10708,3118
795076730285391872,17218,5891
794983741416415232,0,3659
794926597468000259,10900,2500
794355576146903043,0,11169
794332329137291264,10168,2883
794205286408003585,9770,3590
793962221541933056,17829,5300
793845145112371200,9775,2033
793614319594401792,0,3382
793601777308463104,8463,1766
793500921481273345,11345,2580
793286476301799424,26090,9977
793271401113350145,9184,2577
793256262322548741,21190,9048
793241302385262592,11147,3555
793226087023144960,10441,3108
793210959003287553,9477,3046
793195938047070209,16209,6109
793180763617361921,7356,2163
793165685325201412,9997,3019
793150605191548928,6547,1844
793135492858580992,6857,2710
793120401413079041,13467,4242
792913359805018113,15211,4357
792883833364439040,11997,4640
792773781206999040,7791,1822
792394556390137856,14270,4656
792050063153438720,7610,1959
791821351946420224,0,22805
791784077045166082,0,10433
791780927877898241,0,4133
791774931465953280,47842,24087
791672322847637504,12448,3382
791406955684368384,13904,4467
791312159183634433,9316,2755
791026214425268224,0,4457
790987426131050500,10462,2313
790946055508652032,17631,5084
790723298204217344,0,2509
790698755171364864,8686,2076
790581949425475584,21920,7794
790337589677002753,8291,2021
790277117346975746,13312,3449
790227638568808452,0,3873
789986466051088384,9793,2509
789960241177853952,0,4476
789903600034189313,11004,4474
789628658055020548,7962,1932
789599242079838210,7165,2099
789530877013393408,12460,3659
789314372632018944,9122,2504
789280767834746880,0,5360
789268448748703744,9656,2808
789137962068021249,10282,3037
788908386943430656,29042,13421
788765914992902144,29065,11169
788552643979468800,0,7800
788412144018661376,16496,5737
788178268662984705,7650,2298
788150585577050112,6505,1413
788070120937619456,0,3708
788039637453406209,6505,1433
787810552592695296,9180,3310
787717603741622272,10829,3018
787397959788929025,11494,3073
787322443945877504,8248,1897
787111942498508800,0,7292
786963064373534720,28162,8644
786729988674449408,0,2600
786709082849828864,19245,6596
786664955043049472,11276,2766
786595970293370880,9967,3354
786363235746385920,11527,3787
786286427768250368,8416,3098
786233965241827333,16189,5159
786051337297522688,1518,166
786036967502913536,0,7638
785927819176054784,12018,3423
785872687017132033,7070,1968
785639753186217984,8268,2400
785533386513321988,9621,2168
785515384317313025,6445,1357
785264754247995392,7686,1760
785170936622350336,12773,5251
784826020293709826,10723,3494
784517518371221505,9466,2742
784431430411685888,6027,1386
784183165795655680,21261,8716
784057939640352768,31573,12044
783839966405230592,31748,11677
783821107061198850,7766,2112
783695101801398276,11036,3487
783466772167098368,8939,2429
783391753726550016,17820,5945
783347506784731136,0,6046
783334639985389568,30856,12645
783085703974514689,8598,2397
782969140009107456,25474,7926
782747134529531904,7899,1507
782722598790725632,18270,5836
782598640137187329,8235,2022
782305867769217024,17592,6023
782021823840026624,0,6721
781955203444699136,11741,3630
781661882474196992,11026,2923
781655249211752448,4217,1207
781524693396357120,21912,5991
781308096455073793,7515,2745
781251288990355457,8895,2258
781163403222056960,10320,2952
780931614150983680,22849,7921
780858289093574656,7589,2159
780800785462489090,5803,1404
780601303617732608,12755,3598
780543529827336192,6648,1862
780496263422808064,0,3990
780476555013349377,0,125
780459368902959104,5585,1152
780192070812196864,9182,2412
780092040432480260,0,2479
780074436359819264,12903,5385
779834332596887552,20002,7638
779377524342161408,9312,3359
779124354206535695,0,19849
779123168116150273,12446,3937
779056095788752897,15608,4874
778990705243029504,21078,7818
778774459159379968,0,10736
778764940568104960,909,394
778748913645780993,7269,1429
778650543019483137,6081,1615
778624900596654080,4900,1087
778408200802557953,14391,4689
778396591732486144,0,13177
778383385161035776,6170,1196
778286810187399168,10944,3549
778039087836069888,8921,2827
778027034220126208,6903,1746
777953400541634568,0,3798
777885040357281792,6711,1773
777684233540206592,11833,3168
777641927919427584,0,4570
777621514455814149,9238,2679
777189768882946048,15104,4653
776819012571455488,0,14819
776813020089548800,5144,1304
776477788987613185,9312,3004
776249906839351296,0,9835
776218204058357768,31592,17189
776201521193218049,10116,2712
776113305656188928,12378,4677
776088319444877312,1927,162
775898661951791106,0,17689
775842724423557120,12328,2872
775733305207554048,14581,4289
775729183532220416,13603,4909
775364825476165632,7821,3197
775350846108426240,10698,4190
775085132600442880,16370,5073
774757898236878852,9000,1900
774639387460112384,7081,1853
774314403806253056,22927,5977
773985732834758656,11301,4163
773922284943896577,6738,1858
773704687002451968,6953,1742
773670353721753600,5600,1393
773547596996571136,23264,6625
773336787167145985,0,5461
773308824254029826,24463,8015
773247561583001600,9904,3459
773191612633579521,10513,4411
772877495989305348,9010,4156
772826264096874500,8429,2511
772615324260794368,0,3616
772581559778025472,6824,1813
772193107915964416,6338,1491
772152991789019136,3980,1199
772117678702071809,3954,790
772114945936949249,2858,504
772102971039580160,4216,996
771908950375665664,6911,2036
771770456517009408,12616,3640
771500966810099713,8695,2816
771380798096281600,11039,5461
771171053431250945,0,8107
771136648247640064,9637,3140
771102124360998913,6570,1545
771014301343748096,7209,1768
771004394259247104,0,234
770787852854652928,5198,1299
770772759874076672,5455,1512
770655142660169732,7703,1869
770414278348247044,6608,2218
770293558247038976,6550,1599
770093767776997377,0,3259
770069151037685760,7950,2457
769940425801170949,32992,10329
769695466921623552,6708,1770
769335591808995329,0,8235
769212283578875904,5682,1834
768970937022709760,15133,7008
768909767477751808,0,2879
768855141948723200,4409,954
768609597686943744,4324,1292
768596291618299904,5271,1368
768554158521745409,0,6239
768473857036525572,14302,3665
768193404517830656,11453,3798
767884188863397888,4987,1499
767754930266464257,16833,5750
767500508068192258,7853,2498
767191397493538821,12879,4068
767122157629476866,10628,3047
766864461642756096,0,6033
766793450729734144,5333,1453
766714921925144576,2731,413
766693177336135680,4227,846
766423258543644672,6317,1706
766313316352462849,7125,2016
766078092750233600,0,2780
766069199026450432,4472,915
766008592277377025,3931,528
765719909049503744,7599,2293
765669560888528897,5459,1301
765395769549590528,27762,3632
765371061932261376,7443,2311
765222098633691136,12183,3616
764857477905154048,6751,1899
764259802650378240,6341,1620
763956972077010945,782,58
763837565564780549,13225,4457
763183847194451968,5663,1572
763167063695355904,0,3222
763103485927849985,7710,2444
762699858130116608,12752,3873
762471784394268675,11810,6908
762464539388485633,10798,4476
762316489655476224,5045,1201
762035686371364864,33484,16695
761976711479193600,5661,2160
761750502866649088,0,4199
761745352076779520,4460,921
761672994376806400,51931,31031
761599872357261312,4331,1257
761371037149827077,0,19201
761334018830917632,5451,1548
761292947749015552,4676,1171
761227390836215808,5569,1661
761004547850530816,11857,3708
760893934457552897,4001,1037
760656994973933572,6929,2054
760641137271070720,5200,1378
760539183865880579,7934,3885
760521673607086080,4428,1492
760290219849637889,28083,12263
760252756032651264,4122,925
760190180481531904,5965,1934
760153949710192640,0,33
759943073749200896,6217,2230
759923798737051648,15354,6033
759846353224826880,7024,2117
759793422261743616,6243,2028
759566828574212096,0,22558
759557299618865152,4917,1251
759447681597108224,8886,2600
759446261539934208,1750,517
759197388317847553,6342,2076
759159934323924993,0,1236
759099523532779520,15204,4448
759047813560868866,6812,2159
758854675097526272,3720,955
758828659922702336,11686,4081
758740312047005698,5992,1716
758474966123810816,4005,1058
758467244762497024,5020,2369
758405701903519748,5440,2055
758355060040593408,3582,1157
758099635764359168,20071,10736
758041019896193024,2831,399
757741869644341248,7212,3465
757729163776290825,0,8649
757725642876129280,4742,1295
757611664640446465,4783,1189
757597904299253760,0,312
757596066325864448,4535,1127
757400162377592832,15827,7297
757393109802180609,6093,1861
757354760399941633,4723,1519
756998049151549440,6565,2122
756939218950160384,6952,2143
756651752796094464,5297,1393
756526248105566208,10869,3850
756303284449767430,4124,1158
756288534030475264,44819,18589
756275833623502848,6709,1618
755955933503782912,7664,3083
755206590534418437,17197,5744
755110668769038337,22193,11816
754874841593970688,0,8528
754856583969079297,7181,2689
754747087846248448,2695,553
754482103782404096,5538,2079
754449512966619136,3914,778
754120377874386944,8198,2484
753655901052166144,6112,2315
753420520834629632,8289,3800
753398408988139520,6028,2046
753375668877008896,7975,2479
753298634498793472,0,6128
753294487569522689,3542,1114
753039830821511168,38808,22294
753026973505581056,4073,1041
752932432744185856,13197,7292
752917284578922496,7209,1675
752701944171524096,0,3080
752682090207055872,6246,1711
752660715232722944,4604,1672
752568224206688256,5766,2427
752519690950500352,7696,3676
752334515931054080,3986,1175
752309394570878976,0,17795
752173152931807232,6216,1958
751950017322246144,3213,990
751937170840121344,5437,1435
751830394383790080,6050,2076
751793661361422336,6110,3093
751598357617971201,8240,3238
751583847268179968,4590,1180
751538714308972544,5259,1348
751456908746354688,3349,1067
751251247299190784,13031,6246
751205363882532864,6577,1952
751132876104687617,5291,1383
750868782890057730,4987,1472
750719632563142656,13774,5360
750506206503038976,4636,1216
750429297815552001,13742,4570
750383411068534784,4750,1212
750381685133418496,722,30
750147208377409536,3243,1022
750132105863102464,3797,1361
750117059602808832,4516,1379
750101899009982464,3170,897
750086836815486976,2268,572
750071704093859840,8202,3555
750056684286914561,3283,952
750041628174217216,3313,656
750026558547456000,2825,837
750011400160841729,3393,966
749996283729883136,3175,858
749981277374128128,5324,2606
749774190421639168,4860,1393
749417653287129088,6360,1764
749403093750648834,2740,577
749395845976588288,8959,3679
749317047558017024,5715,2351
749075273010798592,5996,2196
749064354620928000,4990,1609
749036806121881602,3237,830
748977405889503236,11180,3612
748932637671223296,6088,2401
748705597323898880,2877,1003
748699167502000129,4926,1691
748692773788876800,4415,1408
748575535303884801,6315,2098
748568946752774144,2280,710
748346686624440324,5435,1312
748337862848962560,7983,4368
748324050481647620,3853,808
748307329658011649,3817,753
748220828303695873,14727,8263
747963614829678593,6011,2265
747933425676525569,6888,2704
747885874273214464,3065,1043
747844099428986880,2928,793
747816857231626240,5033,1228
747651430853525504,1440,163
747648653817413632,13416,6191
747600769478692864,2415,583
747594051852075008,3841,1112
747512671126323200,5760,1680
747461612269887489,4018,1088
747439450712596480,5642,2040
747242308580548608,0,3040
747219827526344708,5502,1669
747204161125646336,3516,973
747103485104099331,9966,4225
746906459439529985,2999,312
746872823977771008,6235,2275
746818907684614144,5513,1827
746790600704425984,5067,1681
746757706116112384,9943,4133
746726898085036033,6273,1892
746542875601690625,5237,1983
746521445350707200,0,1038
746507379341139972,4818,1144
746369468511756288,6414,1739
746131877086527488,7182,2332
746056683365994496,3683,860
745789745784041472,4178,1126
745712589599014916,7257,2456
745433870967832576,7368,2681
745422732645535745,8917,2560
745314880350101504,7458,2934
745074613265149952,8131,3727
745057283344719872,7516,2406
744995568523612160,3083,655
744971049620602880,8179,2848
744709971296780288,5810,1645
744334592493166593,7031,2252
744234799360020481,162517,82658
744223424764059648,1746,389
743980027717509120,4315,1149
743895849529389061,3775,1011
743835915802583040,0,2197
743609206067040256,4650,1451
743595368194129920,19135,6928
743545585370791937,3655,985
743510151680958465,8208,3912
743253157753532416,4383,1287
743222593470234624,6428,2000
743210557239623680,3991,1441
742534281772302336,7315,3748
742528092657332225,4589,2101
742465774154047488,7530,4112
742423170473463808,10190,3990
742385895052087300,7065,2095
742161199639494656,4508,1450
742150209887731712,5327,1641
741793263812808706,4720,1585
741743634094141440,8486,2914
741438259667034112,3808,875
741303864243200000,9094,3398
741099773336379392,10393,5850
741067306818797568,9811,3259
740995100998766593,6617,2921
740711788199743490,3535,984
740699697422163968,2941,823
740676976021798912,18818,7156
740373189193256964,36105,14018
740365076218183684,2566,454
740359016048689152,3420,900
740214038584557568,6926,2072
739979191639244800,20688,6239
739932936087216128,4200,1133
739844404073074688,3930,898
739623569819336705,3934,1432
739606147276148736,5571,1743
739544079319588864,41075,22558
739485634323156992,7437,3086
739238157791694849,120114,61202
738891149612572673,111,6
738885046782832640,3906,1203
738883359779196928,3453,854
738537504001953792,5281,1637
738402415918125056,3366,885
738184450748633089,4470,1264
738166403467907072,9109,3581
738156290900254721,2616,687
737826014890496000,5466,1853
737800304142471168,10346,3640
737678689543020544,5214,1397
737445876994609152,10642,4694
737322739594330112,3735,852
737310737551491075,15204,7820
736736130620620800,4454,1826
736392552031657984,18362,7800
736365877722001409,4124,1317
736225175608430592,8417,2911
736010884653420544,8156,3129
735991953473572864,3729,1210
735648611367784448,4140,1156
735635087207878657,6396,2470
735274964362878976,13473,5339
735256018284875776,3453,932
735137028879360001,3231,1017
734912297295085568,2837,545
734787690684657664,13011,6628
734776360183431168,2600,570
734559631394082816,1541,416
733828123016450049,3703,818
733822306246479872,3787,1061
733482008106668032,3258,992
733460102733135873,4343,1342
733109485275860992,50929,17689
732732193018155009,2518,559
732726085725589504,3658,927
732585889486888962,3802,815
732375214819057664,8371,2647
732005617171337216,15432,5735
731285275100512256,3610,1031
731156023742988288,3962,1337
730924654643314689,6344,2080
730573383004487680,5075,2255
730427201120833536,3588,1099
730211855403241472,3954,1106
730196704625098752,5034,2025
729854734790754305,4174,1182
729838605770891264,1762,404
729823566028484608,4122,1303
729463711119904772,6000,2432
729113531270991872,1948,343
728986383096946689,3256,856
728760639972315136,4833,1788
728751179681943552,2866,708
728653952833728512,3419,1085
728409960103686147,5074,2100
728387165835677696,3795,1004
728046963732717569,4453,1237
728035342121635841,4706,1748
728015554473250816,4235,1152
727685679342333952,3038,665
727644517743104000,6092,1830
727524757080539137,4616,1279
727314416056803329,3449,783
727286334147182592,3143,855
727175381690781696,4020,1449
727155742655025152,3760,1396
726935089318363137,7110,2573
726887082820554753,3966,1584
726828223124897792,3673,1046
726224900189511680,4559,1200
725842289046749185,7274,2780
725786712245440512,4293,1426
725729321944506368,5360,1876
725458796924002305,1454,653
724983749226668032,3835,1369
724771698126512129,2451,673
724405726123311104,5470,1722
724049859469295616,4462,1852
724046343203856385,2747,590
724004602748780546,4318,1644
723912936180330496,4025,1289
723688335806480385,7936,3120
723673163800948736,3123,934
723179728551723008,5462,1965
722974582966214656,4227,1643
722613351520608256,5127,1720
721503162398597120,4799,1964
721001180231503872,2615,644
720785406564900865,3217,803
720775346191278080,2565,709
720415127506415616,4268,1574
720389942216527872,6595,2631
720340705894408192,2959,1024
720059472081784833,4010,1174
720043174954147842,5069,2099
719991154352222208,4985,1829
719704490224398336,4704,1514
719551379208073216,5217,2024
719367763014393856,2874,775
719339463458033665,4550,1306
719332531645071360,3531,1000
718971898235854848,3602,1146
718939241951195136,5402,1846
718631497683582976,19478,8449
718613305783398402,2514,502
718540630683709445,2549,1062
718460005985447936,2788,548
718454725339934721,5017,1578
718246886998687744,1991,521
718234618122661888,4000,1052
717841801130979328,2531,620
717790033953034240,2978,1181
717537687239008257,5933,1925
717428917016076293,1659,472
717421804990701568,3249,876
717047459982213120,6473,2005
717009362452090881,3370,1020
716802964044845056,4426,1237
716791146589110272,7500,1605
716730379797970944,1273,449
716447146686459905,13503,6189
716439118184652801,2442,219
716285507865542656,2869,1136
716080869887381504,6940,2008
715928423106027520,3293,915
715758151270801409,3842,1499
715733265223708672,4826,1766
715704790270025728,2887,592
715696743237730304,4031,1351
715680795826982913,4471,1700
715360349751484417,5648,1647
715342466308784130,3133,716
715220193576927233,2499,685
715200624753819648,5292,1976
715009755312439296,4300,1290
714982300363173890,3876,1077
714962719905021952,7602,4480
714957620017307648,4259,1484
714631576617938945,3375,1051
714606013974974464,3752,969
714485234495041536,2792,1210
714258258790387713,3128,750
714251586676113411,3379,875
714214115368108032,2346,918
714141408463036416,4458,1469
713919462244790272,3390,814
713909862279876608,1979,567
713900603437621249,2936,771
713761197720473600,5038,1441
713411074226274305,4565,1357
713177543487135744,7450,2958
713175907180089344,4608,1527
712809025985978368,19170,7047
712717840512598017,12764,5246
712668654853337088,4299,1270
712438159032893441,5503,1638
712309440758808576,252,25
712097430750289920,3920,1088
712092745624633345,3043,938
712085617388212225,3362,506
712065007010385924,2345,659
711998809858043904,0,130
711968124745228288,8332,2425
711743778164514816,2937,1032
711732680602345472,9180,4332
711694788429553666,33955,19201
711652651650457602,3994,961
711363825979756544,3786,1187
711306686208872448,3421,769
711008018775851008,3092,643
710997087345876993,4713,1452
710844581445812225,2636,723
710833117892898816,2780,559
710658690886586372,2388,590
710609963652087808,4958,2475
710588934686908417,4698,1960
710296729921429505,2452,774
710283270106132480,2214,541
710272297844797440,4693,1314
710269109699739648,2480,1182
710153181850935296,3011,935
710140971284037632,2863,929
710117014656950272,5685,2091
709918798883774466,3092,1115
709901256215666688,697,105
709852847387627521,3628,1253
709566166965075968,3661,1261
709556954897764353,3404,1113
709519240576036864,1539,245
709449600415961088,2309,605
709409458133323776,2708,721
709225125749587968,2492,598
709207347839836162,13007,6137
709198395643068416,2508,670
709179584944730112,2075,697
709158332880297985,2117,439
709042156699303936,4920,1717
708853462201716736,1851,689
708845821941387268,3089,941
708834316713893888,1752,530
708810915978854401,17060,7285
708738143638450176,2839,856
708711088997666817,2641,754
708479650088034305,2638,703
708469915515297792,3194,856
708400866336894977,16542,10638
708356463048204288,3722,1390
708349470027751425,2432,768
708149363256774660,4423,1608
708130923141795840,3511,880
708119489313951744,2773,1026
708109389455101952,1996,567
708026248782585858,4514,2006
707995814724026368,3237,1179
707983188426153984,51,2
707969809498152960,2796,1018
707776935007539200,3397,994
707741517457260545,2580,643
707738799544082433,4239,2604
707693576495472641,3549,1046
707629649552134146,2665,926
707610948723478529,17546,6721
707420581654872064,2358,724
707411934438625280,2367,620
707387676719185920,3627,1361
707377100785885184,3396,1132
707315916783140866,2562,673
707297311098011648,2869,829
707059547140169728,2673,709
707038192327901184,2261,828
707021089608753152,4218,1436
707014260413456384,2382,623
706904523814649856,15104,8235
706901761596989440,2141,625
706681918348251136,3446,1017
706644897839910912,2671,1153
706593038911545345,2228,658
706538006853918722,3582,1484
706516534877929472,3206,1082
706346369204748288,3569,968
706310011488698368,22084,8388
706291001778950144,1762,490
706265994973601792,2831,966
706169069255446529,4036,2341
706166467411222528,5321,1683
706153300320784384,1535,401
705975130514706432,3214,770
705970349788291072,3246,930
705898680587526145,2452,582
705786532653883392,2011,549
705591895322394625,3285,1212
705475953783398401,3053,964
705442520700944385,4599,1719
705428427625635840,3945,1767
705239209544720384,3106,780
705223444686888960,2666,841
705102439679201280,2230,536
705066031337840642,2250,634
704871453724954624,4421,1166
704859558691414016,2334,571
704847917308362754,5278,1610
704819833553219584,2737,1041
704761120771465216,6867,3040
704499785726889984,3036,1048
704491224099647488,791,84
704480331685040129,3520,1109
704364645503647744,8293,3730
704347321748819968,1650,363
704134088924532736,1560,492
704113298707505153,1920,590
704054845121142784,3024,951
703774238772166656,1905,487
703769065844768768,3401,1198
703631701117943808,2693,721
703611486317502464,3996,1589
703425003149250560,3932,1449
703407252292673536,2540,731
703382836347330562,3634,1190
703356393781329922,1984,405
703268521220972544,2037,568
703079050210877440,7667,3255
703041949650034688,27287,13177
702932127499816960,2687,757
702899151802126337,1670,477
702684942141153280,3339,1136
702671118226825216,2282,588
702598099714314240,12622,3604
702539513671897089,2976,1006
702332542343577600,3305,1637
702321140488925184,3396,1087
702276748847800320,2565,804
702217446468493312,4968,1401
701981390485725185,3576,1044
701952816642965504,3965,1076
701889187134500865,3675,1447
701805642395348998,3552,1779
701601587219795968,2162,479
701570477911896070,2915,977
701545186879471618,2761,643
701214700881756160,12653,5375
700890391244103680,2294,601
700864154249383937,2680,643
700847567345688576,2518,526
700796979434098688,2523,1005
700747788515020802,23683,9835
700518061187723268,2730,845
700505138482569216,2368,598
700462010979500032,4288,1891
700167517596164096,2733,782
700151421916807169,2316,698
700143752053182464,7798,2879
700062718104104960,2746,730
700029284593901568,2151,611
700002074055016451,3438,1410
699801817392291840,3175,1010
699788877217865730,2313,522
699779630832685056,2869,1309
699775878809702401,2026,636
699691744225525762,10627,4839
699446877801091073,6161,2749
699434518667751424,2240,532
699423671849451520,1426,347
699413908797464576,2152,647
699370870310113280,1952,459
699323444782047232,3280,908
699088579889332224,2326,663
699079609774645248,2541,687
699072405256409088,3120,1250
699060279947165696,3912,1899
699036661657767936,2700,1256
698989035503689728,3500,1031
698953797952008193,2801,955
698907974262222848,2631,657
698710712454139905,2563,715
698703483621523456,1505,399
698635131305795584,1337,356
698549713696649216,2413,650
698355670425473025,1938,477
698342080612007937,2339,995
698262614669991936,4922,2115
698195409219559425,17390,6267
698178924120031232,2911,781
697995514407682048,1587,351
697990423684476929,3408,1361
697943111201378304,2490,720
697881462549430272,3128,1254
697630435728322560,1816,567
697616773278015490,3272,1065
697596423848730625,3148,1326
697575480820686848,2115,523
697516214579523584,2153,1184
697482927769255936,2507,707
697463031882764288,3537,1450
697270446429966336,4848,1963
697259378236399616,3414,1049
697255105972801536,3134,1218
697242256848379904,2607,703
696900204696625153,3301,1072
696894894812565505,2427,708
696886256886657024,5021,1894
696877980375769088,2528,744
696754882863349760,1537,374
696744641916489729,2145,987
696713835009417216,2463,678
696518437233913856,4034,1786
696490539101908992,1260,150
696488710901260288,2630,1083
696405997980676096,3335,1203
696100768806522880,2010,700
695816827381944320,3120,1228
695794761660297217,3296,817
695767669421768709,1941,790
695629776980148225,4727,2211
695446424020918272,4543,1906
695409464418041856,8971,3763
695314793360662529,3773,1541
695095422348574720,2740,648
695074328191332352,2951,1167
695064344191721472,1662,633
695051054296211456,2757,829
694925794720792577,2794,961
694905863685980160,2858,977
694669722378485760,37071,15202
694356675654983680,1562,299
694352839993344000,2123,652
694342028726001664,1630,506
694329668942569472,2079,524
694206574471057408,4332,2137
694183373896572928,3059,980
694001791655137281,3522,1084
693993230313091072,1942,424
693942351086120961,1803,386
693647888581312512,2802,623
693644216740769793,1393,131
693642232151285760,2631,432
693629975228977152,2544,837
693622659251335168,1605,388
693590843962331137,5245,2074
693582294167244802,1706,267
693486665285931008,1848,667
693280720173801472,3493,1298
693267061318012928,2474,856
693262851218264065,2319,524
693231807727280129,2977,769
693155686491000832,8170,3376
693109034023534592,1782,646
693095443459342336,1945,486
692919143163629568,2764,787
692905862751522816,2530,919
692901601640583168,1850,628
692894228850999298,2368,850
692828166163931137,2992,923
692752401762250755,7077,3817
692568918515392513,4516,1617
692535307825213440,3306,1431
692530551048294401,1914,435
692423280028966913,1533,240
692417313023332352,9683,3658
692187005137076224,2622,860
692158366030913536,2229,830
692142790915014657,1708,414
692041934689402880,3529,1341
692017291282812928,2974,1001
691820333922455552,4096,1749
691793053716221953,8426,4429
691756958957883396,2998,1070
691675652215414786,2019,530
691483041324204033,2469,590
691459709405118465,4204,1214
691444869282295808,2753,888
691416866452082688,20027,8056
691321916024623104,2673,693
691096613310316544,3073,928
691090071332753408,1775,353
690989312272396288,6116,3013
690959652130045952,3721,1320
690938899477221376,4273,2097
690932576555528194,3407,1081
690735892932222976,3932,1340
690728923253055490,2255,541
690690673629138944,2413,844
690649993829576704,1361,293
690607260360429569,305,17
690597161306841088,2041,636
690400367696297985,1947,475
690374419777196032,3392,903
690360449368465409,2746,941
690348396616552449,1565,543
690248561355657216,1743,434
690021994562220032,2892,1089
690015576308211712,2604,779
690005060500217858,3804,1781
689999384604450816,1481,394
689993469801164801,1515,477
689977555533848577,1423,469
689905486972461056,2513,728
689877686181715968,3143,1242
689835978131935233,2249,792
689661964914655233,3322,976
689659372465688576,10745,4076
689623661272240129,2310,676
689599056876867584,12050,5828
689557536375177216,2126,483
689517482558820352,3527,1510
689289219123089408,2341,993
689283819090870273,3416,1160
689280876073582592,2071,752
689275259254616065,1199,258
689255633275777024,2654,1138
689154315265683456,3178,1053
689143371370250240,2098,538
688916208532455424,2839,917
688908934925697024,2196,817
688898160958271489,2183,832
688894073864884227,2323,733
688828561667567616,1428,393
688804835492233216,1003,203
688789766343622656,2304,695
688547210804498433,2713,738
688519176466644993,2401,774
688385280030670848,9633,4699
688211956440801280,2316,877
688179443353796608,2202,619
688116655151435777,2939,822
688064179421470721,1798,380
687841446767013888,5669,2667
687826841265172480,2834,1187
687818504314159109,2588,1002
687807801670897665,2492,742
687732144991551489,1834,695
687704180304273409,2537,883
687664829264453632,2009,536
687494652870668288,1976,605
687480748861947905,1659,253
687476254459715584,2056,560
687460506001633280,2133,569
687399393394311168,1968,660
687317306314240000,20850,9639
687312378585812992,4527,2003
687127927494963200,5663,2416
687124485711986689,2249,525
687109925361856513,6030,2601
687102708889812993,2428,1039
687096057537363968,2334,634
686947101016735744,8935,3351
686760001961103360,3657,1453
686749460672679938,3607,1540
686730991906516992,4310,1267
686683045143953408,2919,849
686618349602762752,3829,1437
686606069955735556,1972,573
686394059078897668,1805,714
686386521809772549,3381,928
686377065986265092,2290,594
686358356425093120,2280,717
686286779679375361,4149,1752
686050296934563840,2288,767
686035780142297088,1201,128
686034024800862208,3228,1222
686007916130873345,2579,445
686003207160610816,1891,674
685973236358713344,2189,550
685943807276412928,1684,631
685906723014619143,7802,3076
685681090388975616,2108,134
685667379192414208,2434,603
685663452032069632,3379,1539
685641971164143616,3042,825
685547936038666240,34197,16578
685532292383666176,3152,1215
685325112850124800,9834,4199
685321586178670592,2750,680
685315239903100929,3474,1142
685307451701334016,2151,465
685268753634967552,3218,1271
685198997565345792,2423,701
685169283572338688,4246,1500
684969860808454144,2460,397
684959798585110529,7065,3302
684940049151070208,3341,1100
684926975086034944,3634,490
684914660081053696,3647,1547
684902183876321280,1954,558
684880619965411328,2183,867
684830982659280897,36337,22805
684800227459624960,2823,1055
684594889858887680,9251,3725
684588130326986752,4266,1481
684567543613382656,3128,1297
684538444857667585,2739,1007
684481074559381504,4028,1233
684460069371654144,2063,585
684241637099323392,8460,3501
684225744407494656,1281,223
684222868335505415,3977,1450
684200372118904832,2245,1082
684195085588783105,1988,546
684188786104872960,3611,1243
684177701129875456,2093,709
684147889187209216,3091,1573
684122891630342144,2072,499
684097758874210310,4265,1516
683857920510050305,3943,1176
683852578183077888,2000,370
683849932751646720,2717,1036
683834909291606017,2718,1167
683828599284170753,2915,1120
683773439333797890,3470,1430
683742671509258241,6747,3503
683515932363329536,7627,3080
683498322573824003,3285,1019
683481228088049664,2742,1052
683462770029932544,2519,709
683449695444799489,4048,1700
683391852557561860,7906,2514
683357973142474752,3044,983
683142553609318400,2996,1097
683111407806746624,3519,962
683098815881154561,2250,698
683078886620553216,2061,590
683030066213818368,2233,768
682962037429899265,38313,17613
682808988178739200,1843,190
682788441537560576,2566,1182
682750546109968385,1583,462
682697186228989953,1367,380
682662431982772225,3170,1144
682638830361513985,2137,638
682429480204398592,3564,1228
682406705142087680,7865,1864
682393905736888321,2317,720
682389078323662849,1724,494
682303737705140231,3189,1060
682259524040966145,4324,1279
682242692827447297,3384,1246
682088079302213632,18945,10433
682059653698686977,5130,1783
682047327939461121,3319,1016
682032003584274432,6827,2126
682003177596559360,3267,1621
681981167097122816,2902,1089
681891461017812993,2554,866
681694085539872773,13242,4283
681679526984871937,1835,473
681654059175129088,2728,978
681610798867845120,1984,502
681579835668455424,3680,1374
681523177663676416,14843,6128
681340665377193984,1698,295
681339448655802368,9627,4288
681320187870711809,2742,792
681302363064414209,4089,1930
681297372102656000,3322,1015
681281657291280384,3334,1163
681261549936340994,1514,290
681242418453299201,1550,569
681231109724700672,2490,511
681193455364796417,3853,1564
680970795137544192,2516,704
680959110691590145,4726,2114
680940246314430465,3331,1113
680934982542561280,2144,464
680913438424612864,2484,653
680889648562991104,1830,383
680836378243002368,3584,1403
680805554198020098,2233,698
680801747103793152,2454,870
680798457301471234,2963,1099
680609293079592961,2732,750
680583894916304897,3750,1420
680497766108381184,4387,2008
680494726643068929,1783,510
680473011644985345,2641,785
680440374763077632,1510,533
680221482581123072,1514,305
680206703334408192,2940,1246
680191257256136705,2226,531
680176173301628928,4039,1654
680161097740095489,2403,774
680145970311643136,3738,1843
680130881361686529,2365,1002
680115823365742593,2807,952
680100725817409536,3695,1444
680085611152338944,13231,9450
680070545539371008,2672,928
679877062409191424,2044,683
679872969355714560,2257,698
679862121895714818,2542,655
679854723806179328,2962,1303
679844490799091713,2451,804
679828447187857408,37493,14819
679777920601223168,3191,1172
679736210798047232,2165,837
679729593985699840,2237,867
679722016581222400,1710,495
679530280114372609,4930,2192
679527802031484928,2735,763
679511351870550016,3491,1334
679503373272485890,3246,1554
679475951516934144,2161,669
679462823135686656,32790,19849
679405845277462528,2455,1266
679158373988876288,22118,8528
679148763231985668,2864,1088
679132435750195208,3064,1220
679111216690831360,6161,2695
679062614270468097,17599,8649
679047485189439488,2321,713
679001094530465792,2912,1302
678991772295516161,2394,1239
678969228704284672,1696,486
678800283649069056,2660,951
678798276842360832,3580,1250
678774928607469569,2889,966
678767140346941444,3654,1438
678764513869611008,1695,501
678755239630127104,7357,3480
678740035362037760,3875,1785
678708137298427904,5744,2544
678675843183484930,2967,1554
678643457146150913,2115,443
678446151570427904,4122,1642
678424312106393600,5574,2668
678410210315247616,4369,1916
678399652199309312,81539,33352
678396796259975168,1642,443
678389028614488064,1928,441
678380236862578688,2520,956
678341075375947776,1782,566
678334497360859136,1343,271
678278586130948096,11795,6378
678255464182861824,1635,391
678023323247357953,1988,402
678021115718029313,14128,6693
677961670166224897,3518,1770
677918531514703872,1391,430
677895101218201600,4977,2214
677716515794329600,3145,1013
677700003327029250,3493,1517
677698403548192770,1264,334
677687604918272002,2550,889
677673981332312066,3434,1571
677662372920729601,2004,1020
677644091929329666,1914,836
677573743309385728,2199,759
677565715327688705,1332,480
677557565589463040,2501,1213
677547928504967168,7120,3814
677530072887205888,1102,236
677335745548390400,3122,1869
677334615166730240,1388,306
677331501395156992,1127,245
677328882937298944,3727,1569
677314812125323265,1686,556
677301033169788928,1275,430
677269281705472000,2048,738
677228873407442944,3641,1716
677187300187611136,2802,965
676975532580409345,2857,1121
676957860086095872,2273,843
676949632774234114,1343,417
676948236477857792,2231,910
676946864479084545,1753,394
676942428000112642,2120,791
676936541936185344,13032,5113
676916996760600576,3041,1876
676897532954456065,2312,748
676864501615042560,2154,739
676821958043033607,23619,16293
676819651066732545,1851,694
676811746707918848,1450,443
676776431406465024,5130,2094
676617503762681856,2966,1025
676613908052996102,1110,205
676606785097199616,1924,457
676603393314578432,1191,400
676593408224403456,4678,2252
676590572941893632,935,130
676588346097852417,2381,829
676582956622721024,1230,290
676575501977128964,2654,1164
676533798876651520,1916,580
676496375194980353,1553,555
676470639084101634,11847,4857
676440007570247681,1755,693
676430933382295552,1427,360
676263575653122048,2124,574
676237365392908289,1250,304
676219687039057920,77172,32301
676215927814406144,1778,606
676191832485810177,2328,1074
676146341966438401,1961,689
676121918416756736,2199,1204
676101918813499392,2875,1210
676098748976615425,3067,1495
676089483918516224,1344,447
675898130735476737,1655,596
675891555769696257,2164,899
675888385639251968,2425,1002
675878199931371520,4250,1453
675870721063669760,1669,596
675853064436391936,2737,1345
675849018447167488,958,154
675845657354215424,2319,920
675822767435051008,1552,556
675820929667219457,1071,239
675798442703122432,10431,3506
675781562965868544,1654,490
675740360753160193,1190,360
675710890956750848,1925,852
675707330206547968,2016,721
675706639471788032,654,101
675534494439489536,1854,433
675531475945709568,1205,398
675522403582218240,1059,295
675517828909424640,1319,472
675501075957489664,17437,6013
675497103322386432,3193,1345
675489971617296384,1324,622
675483430902214656,1870,1002
675432746517426176,1553,590
675372240448454658,1722,528
675362609739206656,1067,236
675354435921575936,33282,17795
675349384339542016,3975,2334
675334060156301312,2826,1337
675166823650848770,3669,1666
675153376133427200,6372,2690
675149409102012420,3793,1730
675147105808306176,956,247
675146535592706048,1211,325
675145476954566656,2170,932
675135153782571009,1319,510
675113801096802304,1979,806
675111688094527488,981,260
675109292475830276,2840,1172
675047298674663426,1073,339
675015141583413248,2747,1240
675006312288268288,1003,232
675003128568291329,1575,488
674999807681908736,2278,1135
674805413498527744,869,366
674800520222154752,3056,884
674793399141146624,2542,1121
674790488185167872,1119,255
674788554665512960,826,217
674781762103414784,2026,1240
674774481756377088,1138,486
674767892831932416,1855,816
674764817387900928,796,245
674754018082705410,1382,462
674752233200820224,1479,481
674743008475090944,1427,570
674742531037511680,495,52
674739953134403584,1127,404
674737130913071104,658,96
674690135443775488,1162,482
674670581682434048,1633,671
674664755118911488,938,262
674646392044941312,1452,508
674644256330530816,1038,277
674638615994089473,1703,596
674632714662858753,1522,597
674606911342424069,946,102
674468880899788800,6300,2117
674447403907457024,1079,364
674436901579923456,1122,404
674422304705744896,1451,551
674416750885273600,689,144
674410619106390016,1216,478
674394782723014656,1517,590
674372068062928900,854,322
674330906434379776,566,76
674318007229923329,1434,528
674307341513269249,11443,7144
674291837063053312,14895,6046
674271431610523648,1588,749
674269164442398721,913,231
674265582246694913,1664,875
674262580978937856,1317,464
674255168825880576,1482,570
674082852460433408,761,174
674075285688614912,992,297
674063288070742018,6438,2262
674053186244734976,3355,1331
674051556661161984,1458,496
674045139690631169,1433,654
674042553264685056,732,132
674038233588723717,1113,423
674036086168010753,853,217
674024893172875264,1799,1254
674019345211760640,1144,307
674014384960745472,1579,662
674008982932058114,1212,365
673956914389192708,1959,983
673919437611909120,1178,377
673906403526995968,3216,1653
673887867907739649,940,256
673716320723169284,3105,768
673715861853720576,3567,2131
673711475735838725,1045,303
673709992831262724,856,280
673708611235921920,1091,297
673707060090052608,1106,401
673705679337693185,1266,410
673700254269775872,1449,584
673697980713705472,3831,1995
673689733134946305,1744,664
673688752737402881,1270,504
673686845050527744,1443,449
673680198160809984,1380,479
673662677122719744,1265,367
673656262056419329,721,247
673636718965334016,1116,366
673612854080196609,1607,737
673583129559498752,1199,372
673580926094458881,841,274
673576835670777856,1393,571
673363615379013632,1031,311
673359818736984064,1463,683
673355879178194945,1501,589
673352124999274496,1662,547
673350198937153538,752,218
673345638550134785,2528,1300
673343217010679808,979,277
673342308415348736,1283,596
673320132811366400,13547,8107
673317986296586240,879,265
673295268553605120,7577,3222
673270968295534593,1070,374
673240798075449344,1433,747
673213039743795200,2263,858
673148804208660480,1699,643
672997845381865473,1980,735
672995267319328768,963,302
672988786805112832,989,299
672984142909456390,1263,550
672980819271634944,1830,1026
672975131468300288,1692,930
672970152493887488,949,363
672968025906282496,1325,556
672964561327235073,1427,650
672902681409806336,1374,514
672898206762672129,910,430
672884426393653248,1554,844
672877615439593473,1040,374
672834301050937345,1319,577
672828477930868736,1262,503
672640509974827008,979,327
672622327801233409,1304,502
672614745925664768,1227,598
672609152938721280,1123,394
672604026190569472,1114,404
672594978741354496,1335,617
672591762242805761,955,341
672591271085670400,729,185
672538107540070400,1034,372
672523490734551040,645,174
672488522314567680,1116,446
672482722825261057,1146,610
672481316919734272,721,127
672475084225949696,1433,713
672466075045466113,1359,550
672272411274932228,6476,3446
672267570918129665,1504,626
672264251789176834,1146,343
672256522047614977,2825,1576
672254177670729728,1434,754
672248013293752320,1725,622
672245253877968896,689,162
672239279297454080,897,328
672231046314901505,1838,1037
672222792075620352,786,214
672205392827572224,2272,1172
672169685991993344,1024,374
672160042234327040,877,364
672139350159835138,1753,722
672125275208069120,2411,1158
672095186491711488,1005,373
672082170312290304,945,373
672068090318987265,1294,525
671896809300709376,8515,4231
671891728106971137,1338,582
671882082306625538,3484,1401
671879137494245376,1432,690
671874878652489728,1252,566
671866342182637568,1124,507
671855973984772097,908,453
671789708968640512,7088,3537
671768281401958400,1197,533
671763349865160704,1690,941
671744970634719232,1356,784
671743150407421952,745,236
671735591348891648,1459,768
671729906628341761,8532,4417
671561002136281088,12866,7331
671550332464455680,918,210
671547767500775424,1359,606
671544874165002241,1983,1062
671542985629241344,1097,573
671538301157904385,931,401
671536543010570240,1180,416
671533943490011136,1021,589
671528761649688577,845,263
671520732782923777,1407,533
671518598289059840,957,293
671511350426865664,1608,734
671504605491109889,7044,3591
671497587707535361,922,453
671488513339211776,1013,478
671486386088865792,579,208
671485057807351808,763,234
671390180817915904,1430,742
671362598324076544,1109,297
671357843010908160,399,150
671355857343524864,482,116
671347597085433856,956,434
671186162933985280,735,215
671182547775299584,1121,351
671166507850801152,878,356
671163268581498880,1668,1122
671159727754231808,375,82
671154572044468225,716,222
671151324042559489,672,157
671147085991960577,673,229
671141549288370177,1160,665
671138694582165504,925,411
671134062904504320,751,199
671122204919246848,3493,2554
671115716440031232,1371,787
671109016219725825,1152,448
670995969505435648,1105,298
670842764863651840,24679,8855
670840546554966016,592,196
670838202509447168,1115,704
670833812859932673,450,128
670832455012716544,736,222
670826280409919488,5572,4114
670823764196741120,781,197
670822709593571328,616,97
670815497391357952,3181,1561
670811965569282048,1135,275
670807719151067136,1164,500
670804601705242624,1971,975
670803562457407488,346,88
670797304698376195,739,240
670792680469889025,835,285
670789397210615808,662,245
670786190031921152,607,204
670783437142401025,822,401
670782429121134593,1569,784
670780561024270336,787,292
670778058496974848,329,74
670764103623966721,1077,428
670755717859713024,441,112
670733412878163972,967,521
670727704916926465,828,365
670717338665226240,1211,502
670704688707301377,771,375
670691627984359425,593,248
670679630144274432,751,287
670676092097810432,248,44
670668383499735048,10740,5111
670474236058800128,1522,768
670468609693655041,354,86
670465786746662913,975,559
670452855871037440,551,208
670449342516494336,1194,672
670444955656130560,6751,2008
670442337873600512,645,202
670435821946826752,1056,522
670434127938719744,1405,656
670433248821026816,329,114
670428280563085312,1387,636
670427002554466305,521,166
670421925039075328,1312,640
670420569653809152,629,320
670417414769758208,572,318
670411370698022913,2022,911
670408998013820928,557,229
670403879788544000,437,160
670385711116361728,562,213
670374371102445568,747,274
670361874861563904,330,69
670338931251150849,421,113
670319130621435904,3872,1236
670303360680108032,430,138
670290420111441920,706,292
670093938074779648,1028,339
670086499208155136,701,255
670079681849372674,2227,1255
670073503555706880,1582,802
670069087419133954,627,245
670061506722140161,769,347
670055038660800512,671,336
670046952931721218,646,180
670040295598354432,756,113
670037189829525505,588,280
670003130994700288,332,93
